10 50 6
7 2 -9 -8 4 6
5 1 -9 4 3 2
3 -4 -9 7 1 6
-2 -3 -7 -9 8 -1
8 1 -10 -9 -4 3
7 6 -1 -4 -9 8
7 6 2 -4 1 9
2 7 3 9 8 6
2 -10 -6 -4 8 1
10 6 8 2 5 -1
-2 3 5 10 8 -1
-2 -6 -7 -9 10 8
-2 -7 -5 -9 -8 4
-5 -8 -2 -7 -10 6
-10 -9 -7 -2 -1 6
7 10 -8 5 1 3
3 -9 8 -2 -1 -5
1 -4 10 2 -3 7
-7 -4 -10 -1 9 2
9 3 5 7 10 -1
5 6 -1 -8 -4 -3
6 3 10 -8 -5 -7
4 -10 1 2 3 -7
7 2 -10 3 -6 -4
6 3 8 2 -7 -4
6 7 5 -4 1 -2
-1 5 -3 4 9 -10
5 3 8 -10 9 7
10 -2 -6 -9 -1 3
4 -9 6 1 -5 3
-8 -1 7 4 3 10
6 8 9 -1 2 -7
-10 -6 8 -9 1 2
3 -7 -6 4 -1 -10
4 5 -10 -1 -7 -2
4 3 -5 -10 1 2
-9 4 -5 10 -6 -3
5 -10 7 -6 -1 4
-4 9 6 -8 -1 10
-9 -3 -2 -4 -1 -5
3 4 5 1 6 -9
5 4 -7 8 -3 -1
-5 6 8 -9 -3 7
2 1 3 10 6 -8
-7 10 -8 4 1 9
-7 2 1 4 -5 10
-8 -6 -7 5 10 1
5 6 -2 -3 7 -4
-3 6 8 2 -10 7
-8 6 -3 -10 -4 -2
