10 50 6
-10 2 -8 -1 -6 -4
-6 5 9 -2 -7 -8
-1 -10 -2 4 3 9
10 9 -2 -4 -5 6
7 8 1 9 4 -6
-6 7 8 -2 -5 -1
9 3 -10 4 -8 -7
-4 -10 1 9 8 -6
-7 2 8 -1 4 -3
-10 -4 -8 -5 9 3
-1 -7 -8 10 9 -2
6 -5 -1 -4 -2 7
6 -4 -5 -2 10 9
-7 -9 5 -10 6 4
8 7 -4 -6 -10 -5
-9 7 -1 -6 3 -10
8 10 6 5 2 -4
-5 -1 -2 -6 -7 9
4 -1 2 9 -5 10
-4 -2 -6 3 8 5
9 -7 6 10 -3 -5
7 -8 -3 2 -5 -6
4 9 -10 -3 7 6
10 1 -3 7 9 8
-1 -6 9 8 -4 -5
-5 8 4 -7 1 2
-9 1 -4 -8 3 -6
7 1 5 -6 -4 -2
-10 4 9 -8 -2 7
8 10 -4 -2 -7 9
5 10 -1 7 8 -9
-1 -8 -5 -7 -9 2
-4 8 5 2 1 6
-9 -10 5 2 3 8
9 10 -3 -2 1 -8
-1 -4 -7 -3 9 2
-2 9 -4 -3 10 5
8 -1 5 9 -10 -6
6 -7 -2 5 8 1
5 -10 -4 6 -3 -2
-10 9 -7 -8 1 -3
-6 -7 -10 -4 -8 5
-7 8 10 1 -3 -4
-3 5 -1 -10 9 4
-8 5 10 -4 7 -9
-5 9 -3 -1 -4 7
3 8 9 -7 -4 5
6 3 5 10 1 -7
7 10 -1 4 6 -5
2 9 -5 7 -8 3
