10 50 6
10 6 7 1 5 -3
6 1 -4 2 -3 9
-10 -5 -8 -9 1 7
-9 3 8 5 1 -7
1 3 -10 -5 -6 8
5 -1 -10 -4 6 2
4 -3 -6 2 -1 8
10 1 9 6 -5 -2
6 1 4 8 9 -3
6 7 -1 3 9 -2
-7 -4 3 5 -10 -1
-3 -6 2 -4 -5 -1
4 2 8 6 -10 3
10 -1 -8 5 -9 -7
-4 -1 -6 9 7 2
-2 5 -6 7 8 -1
-8 -6 -3 -4 1 5
-3 -5 2 1 4 -6
-2 3 6 -9 8 -7
-9 5 -2 -10 3 -8
1 -8 9 2 3 -4
-9 -10 -2 1 -8 6
-3 6 8 -5 7 2
-4 5 -10 2 -8 6
-8 2 -5 -6 10 4
-7 4 10 -2 -6 1
10 -3 -9 5 -1 2
-8 2 -4 -1 -9 3
-10 3 2 1 5 -6
-8 -2 -1 -7 4 6
-10 7 3 -1 5 6
1 -3 5 -7 -6 4
-10 1 -2 4 6 7
6 5 7 10 -2 -4
3 6 -4 -10 -8 7
-8 6 4 -5 -1 -10
-7 -1 -5 8 -9 4
-9 -8 -2 3 -6 10
5 -7 -1 -10 9 -3
5 6 -9 1 -4 -3
-5 -10 1 -2 -4 3
9 -8 -2 -3 5 -10
-1 -2 8 7 5 -3
6 4 5 -9 -3 -7
6 2 1 -10 9 3
7 5 10 1 -2 -8
10 -3 -6 -1 -9 -7
7 8 5 -1 -6 -4
10 4 -8 6 3 7
8 -2 4 10 -6 -7
