10 50 6
-1 -5 8 10 3 -2
5 8 3 2 10 -7
6 1 -9 -10 -5 4
-3 9 8 4 -2 -10
8 2 -6 9 4 -10
-1 -5 6 7 -10 8
1 4 -2 -6 8 -10
10 -4 6 2 9 -1
-9 10 -2 -8 5 -7
1 6 3 -5 10 -4
10 3 4 6 8 -1
3 -5 2 -1 6 -8
7 1 -2 -3 -4 -9
2 10 -8 -4 -5 9
4 -5 -1 -2 9 10
10 2 -3 -7 8 9
-9 2 -4 -10 -6 1
-10 -3 1 4 -5 -9
6 1 -2 8 -7 4
-1 3 -2 6 8 -7
-3 4 -5 7 10 -9
8 6 3 4 10 -5
-6 -3 -1 -2 7 8
9 2 8 10 1 -3
-2 -6 -10 -5 -4 3
10 4 -5 8 9 2
-10 -8 -7 -3 -6 1
1 3 -6 -8 10 -2
-5 3 8 10 4 2
-6 -10 7 4 -3 -2
6 -2 10 9 -1 3
4 -3 1 2 -10 8
10 -8 -1 -3 4 -2
10 3 7 -9 4 -8
-7 8 -6 4 -3 1
-5 6 -1 -9 7 -8
5 -9 -6 -3 -2 -10
7 -4 5 -10 8 -3
4 3 -2 -10 -8 -9
9 10 2 -8 4 5
-4 -10 -6 2 9 1
-5 -6 -1 3 -7 -4
6 -2 -10 -9 3 8
-3 7 5 -6 -1 2
-10 -9 -3 -5 6 7
-2 -7 -10 5 -8 6
-7 5 -2 3 -9 -6
-7 -6 -1 9 10 -2
-8 -5 -4 -10 -7 -1
2 5 8 4 10 6
