10 50 6
-2 9 3 -10 4 7
10 -7 -2 -1 9 5
-8 5 4 -3 -2 9
3 8 -2 -7 -4 -1
-4 1 6 -5 -8 10
-8 5 -6 -1 -2 4
-1 8 -4 -7 6 -10
-8 -3 10 6 2 9
-6 -5 9 7 2 -4
-5 1 9 7 -6 2
5 7 4 2 -3 6
7 -5 -6 1 3 10
-3 -8 -2 9 5 1
-4 -1 10 -6 8 2
1 -4 7 5 -9 -8
-3 5 -10 -1 9 6
5 1 9 -8 -6 10
5 1 8 10 6 9
-5 -8 4 -7 10 -1
5 8 -2 4 1 7
-2 -7 -1 6 -3 -9
-6 7 8 -2 5 4
3 -9 -1 -7 2 -5
9 -7 1 -8 5 -3
-7 -5 8 -2 -4 -3
-8 10 -3 4 2 -6
-7 -10 3 -2 -5 -8
-5 8 -10 -9 -3 -1
-8 -3 -2 -1 9 4
-1 10 -6 -4 9 -3
-7 -4 1 5 10 6
6 8 1 -7 9 -5
4 9 7 3 -1 10
1 -8 -7 9 4 6
-3 5 10 -2 1 -6
-5 -1 -9 -8 10 2
5 1 9 4 8 -2
7 10 -6 5 1 2
-7 1 9 -10 2 -6
5 9 -3 8 10 -2
-2 -10 9 4 -6 8
1 -6 -5 4 2 -7
-5 -10 6 4 8 9
2 1 3 -8 9 7
7 -2 8 9 -10 3
-7 2 -3 -8 10 1
-10 5 8 7 -6 -1
7 3 -9 5 4 10
-7 5 -3 -9 -8 -10
6 8 5 4 9 -1
